μEds ω1 ξ = x/d ζ = z/d εc2 [‰] εs1 [‰] σsd [MN/m2]
0,01 0,0101 0,030 0,990 -0,77 25,00 456,5 
0,02 0,0203 0,044 0,985 -1,15 25,00 456,5 
0,03 0,0306 0,055 0,980 -1,46 25,00 456,5 
0,04 0,0410 0,066 0,976 -1,76 25,00 456,5 
0,05 0,0515 0,076 0,971 -2,06 25,00 456,5 
0,06 0,0621 0,086 0,967 -2,37 25,00 456,5 
0,07 0,0728 0,097 0,962 -2,68 25,00 456,5 
0,08 0,0836 0,107 0,957 -3,01 25,00 456,5 
0,09 0,0946 0,118 0,951 -3,35 25,00 456,5 
0,10 0,1058 0,131 0,946 -3,50 23,29 454,9 
0,11 0,1170 0,145 0,940 -3,50 20,71 452,4 
0,12 0,1285 0,159 0,934 -3,50 18,55 450,4 
0,13 0,1401 0,173 0,928 -3,50 16,73 448,6 
0,14 0,1519 0,188 0,922 -3,50 15,16 447,1 
0,15 0,1638 0,202 0,916 -3,50 13,80 445,9 
0,16 0,1759 0,217 0,910 -3,50 12,61 444,7 
0,17 0,1882 0,233 0,903 -3,50 11,56 443,7 
0,18 0,2007 0,248 0,897 -3,50 10,62 442,8 
0,19 0,2134 0,264 0,890 -3,50 9,78 442,0 
0,20 0,2263 0,280 0,884 -3,50 9,02 441,3 
0,21 0,2395 0,296 0,877 -3,50 8,33 440,6 
0,22 0,2529 0,312 0,870 -3,50 7,71 440,1 
0,23 0,2665 0,329 0,863 -3,50 7,13 439,5 
0,24 0,2804 0,346 0,856 -3,50 6,61 439,0 
0,25 0,2946 0,364 0,849 -3,50 6,12 438,5 
0,26 0,3091 0,382 0,841 -3,50 5,67 438,1 
0,27 0,3239 0,400 0,834 -3,50 5,25 437,7 
0,28 0,3391 0,419 0,826 -3,50 4,86 437,3 
0,29 0,3546 0,438 0,818 -3,50 4,49 437,0 
0,30 0,3706 0,458 0,810 -3,50 4,15 436,7 
0,31 0,3869 0,478 0,801 -3,50 3,82 436,4 
0,32 0,4038 0,499 0,793 -3,50 3,52 436,1 
0,33 0,4211 0,520 0,784 -3,50 3,23 435,8 
0,34 0,4391 0,542 0,774 -3,50 2,95 435,5 
0,35 0,4576 0,565 0,765 -3,50 2,69 435,3 
0,36 0,4768 0,589 0,755 -3,50 2,44 435,0 
0,37 0,4968 0,614 0,745 -3,50 2,20 434,8 
0,38 0,5177 0,640 0,734 -3,50 1,97 394,5 
0,39 0,5396 0,667 0,723 -3,50 1,75 350,1 
0,40 0,5627 0,695 0,711 -3,50 1,54 307,1